TF_IDF PREDICTIONS:
[0]
[1, 2]
[2]
[3, 158]
[4, 307]
[5]
[6]
[7, 218, 219, 253, 254, 260, 261, 290]
[8]
[9]
[10]
[11]
[12]
[13]
[14, 15, 479, 483, 484]
[15, 484]
[16]
[17, 20, 170, 171, 340, 486]
[18, 493]
[19, 20, 171, 339, 340, 486, 487]
[20, 170, 171, 339, 340, 486, 487]
[21, 22, 173, 174, 358, 359, 495, 496]
[22, 23, 173, 174, 358, 359, 495, 496]
[23, 174, 276, 439, 440, 441, 442]
[24, 175, 276, 445]
[25, 35, 67, 97, 490]
[26, 27, 451, 452]
[27, 451, 452]
[28]
[29]
[30]
[31, 461, 462]
[32]
[33]
[34, 178, 281, 472]
[35, 490]
[36, 480, 481]
[37]
[38]
[39]
[40]
[41, 420]
[42, 426]
[43, 426]
[44]
[45, 408]
[46]
[47, 68, 237, 318, 331, 370, 395, 489]
[48, 133]
[49, 438]
[50]
[51, 443]
[52, 341]
[53]
[54]
[55, 396]
[56]
[57, 62, 63, 64, 431, 432, 466, 469, 475]
[58]
[59]
[60]
[61]
[62, 63, 64, 431, 432, 466, 469, 470, 475, 490]
[63, 64, 431, 432, 466, 469, 475]
[64, 72, 431, 432, 466, 469, 470, 475]
[65]
[66]
[67, 97, 490]
[68, 237, 318, 331, 370, 395, 489]
[69]
[70, 71, 72, 490]
[71, 72, 97, 138, 333, 334, 335, 431, 469, 490]
[72, 97, 138, 143, 238, 333, 334, 335, 469, 470, 490]
[73]
[74, 76, 194, 225, 360]
[75, 124]
[76, 194, 225, 360]
[77]
[78, 79, 338]
[79, 338]
[80, 147, 456]
[81, 379]
[82]
[83, 393]
[84, 196]
[85]
[86, 87, 88, 89, 199, 200, 201, 259, 264, 265, 268, 405, 406]
[87, 88, 89, 199, 200, 259, 264, 265, 268, 405, 406]
[88, 89, 199, 201, 202, 259, 264, 265, 268, 405, 406]
[89, 199, 201, 202, 259, 264, 265, 268, 405, 406]
[90]
[91, 145, 394]
[92]
[93]
[94, 490]
[95, 209, 280, 363]
[96, 208]
[97, 333, 346, 422, 490]
[98]
[99]
[100]
[101]
[102]
[103]
[104]
[105, 262, 263, 377]
[106, 211, 350, 381]
[107, 108, 109, 389, 390, 391]
[108, 109, 389, 390, 391]
[109, 389, 390, 391]
[110]
[111, 399]
[112, 113, 397, 419]
[113, 397, 419]
[114]
[115, 490]
[116, 195, 244, 347, 476]
[117, 118, 349]
[118, 349]
[119, 215]
[120]
[121]
[122]
[123, 321, 490]
[124]
[125]
[126]
[127]
[128]
[129]
[130]
[131]
[132]
[133]
[134]
[135]
[136]
[137, 346]
[138, 333, 490]
[139]
[140, 274]
[141]
[142, 231]
[143, 238, 332, 334, 372]
[144, 425]
[145, 394]
[146, 449]
[147, 456]
[148]
[149, 152, 153, 354, 366]
[150]
[151]
[152, 153, 354, 366, 454, 467]
[153, 354, 366, 454, 467]
[154, 299]
[155]
[156]
[157]
[158]
[159]
[160, 308]
[161]
[162]
[163]
[164, 315, 317]
[165]
[166, 168, 184, 236, 288, 314]
[167, 327, 329]
[168, 184, 236, 288, 314]
[169, 177, 275, 287, 333, 334]
[170, 171, 172, 339, 340, 486]
[171, 339, 340, 486, 487]
[172, 495, 496]
[173, 174, 358, 359, 496]
[174, 358, 359, 496]
[175, 276, 445]
[176, 275, 333]
[177, 275, 287, 333, 334, 335]
[178, 281, 472]
[179]
[180]
[181]
[182]
[183, 437]
[184, 236, 288, 314]
[185, 293]
[186, 187, 304, 305]
[187, 304, 305]
[188, 189]
[189]
[190]
[191]
[192]
[193, 313]
[194, 225, 360]
[195, 244, 476]
[196]
[197]
[198]
[199, 200, 259, 264, 265, 268, 405, 406]
[200, 259, 264, 265]
[201, 202, 259, 264, 265, 268, 405, 406]
[202, 265, 268, 405, 406]
[203, 415]
[204, 272]
[205]
[206, 207]
[207]
[208]
[209, 280, 363]
[210, 380]
[211, 350, 381]
[212, 213, 342]
[213]
[214, 245, 246]
[215]
[216, 352]
[217, 224]
[218, 219, 239, 253, 254, 261, 290]
[219, 253, 254, 260, 261, 290]
[220]
[221, 240, 241]
[222, 223]
[223]
[224]
[225, 360]
[226, 256]
[227]
[228]
[229]
[230]
[231]
[232]
[233]
[234]
[235]
[236, 288, 314]
[237, 318, 331, 370, 395, 489]
[238]
[239, 253, 254, 261, 290]
[240, 241]
[241]
[242, 251]
[243, 252]
[244, 347, 476]
[245, 246]
[246]
[247]
[248]
[249]
[250]
[251, 252]
[252]
[253, 254, 260, 261]
[254, 260, 261, 290]
[255]
[256]
[257]
[258]
[259, 264, 265, 268, 405, 406]
[260, 261, 290]
[261, 290]
[262, 263, 377]
[263, 377]
[264, 265, 268, 405, 406]
[265, 268, 269, 405, 406]
[266, 385]
[267, 386]
[268, 269, 405, 406]
[269, 405]
[270]
[271]
[272]
[273, 326]
[274]
[275, 287, 333, 334, 335]
[276, 445]
[277]
[278]
[279, 457]
[280, 363]
[281, 472]
[282]
[283]
[284]
[285, 491]
[286]
[287, 333, 334]
[288, 314]
[289]
[290]
[291]
[292, 404]
[293]
[294]
[295]
[296]
[297]
[298]
[299]
[300]
[301]
[302]
[303]
[304, 305]
[305]
[306]
[307]
[308]
[309]
[310]
[311]
[312]
[313]
[314]
[315, 316, 317]
[316]
[317]
[318, 331, 370, 395, 489]
[319]
[320]
[321]
[322]
[323]
[324]
[325]
[326, 381]
[327, 328, 329]
[328, 329]
[329]
[330]
[331, 370, 395, 489]
[332]
[333, 334, 335, 469, 490]
[334, 335, 490]
[335, 490]
[336]
[337, 456]
[338]
[339, 340, 486, 487]
[340, 486, 487]
[341]
[342]
[343]
[344]
[345]
[346, 492]
[347]
[348]
[349]
[350, 381]
[351]
[352]
[353, 463]
[354, 366, 454, 467]
[355]
[356]
[357, 450]
[358, 359, 495, 496]
[359, 495, 496]
[360]
[361, 477]
[362]
[363]
[364]
[365]
[366, 454, 467]
[367]
[368, 369]
[369]
[370, 395, 489]
[371, 396]
[372]
[373]
[374]
[375]
[376]
[377]
[378, 383]
[379]
[380]
[381]
[382]
[383]
[384]
[385]
[386]
[387]
[388]
[389, 390, 391]
[390, 391]
[391]
[392]
[393]
[394]
[395, 489]
[396]
[397, 419]
[398]
[399]
[400]
[401]
[402]
[403]
[404]
[405, 406]
[406]
[407]
[408]
[409]
[410]
[411]
[412]
[413, 468]
[414]
[415]
[416]
[417]
[418]
[419]
[420]
[421]
[422, 490]
[423]
[424]
[425]
[426]
[427]
[428]
[429]
[430]
[431, 432, 466, 469, 470, 475]
[432, 466, 469, 470, 475]
[433]
[434]
[435]
[436]
[437]
[438]
[439, 440, 441, 442]
[440, 441, 442, 496]
[441, 442]
[442]
[443]
[444]
[445]
[446]
[447]
[448]
[449]
[450]
[451, 452]
[452]
[453]
[454, 467]
[455, 485]
[456]
[457]
[458]
[459]
[460]
[461, 462]
[462]
[463]
[464]
[465]
[466, 469, 470, 475]
[467]
[468]
[469, 470, 475]
[470, 475, 490]
[471]
[472]
[473]
[474]
[475]
[476]
[477]
[478]
[479, 483, 484]
[480, 481]
[481]
[482]
[483, 484]
[484]
[485]
[486, 487]
[487]
[488]
[489]
[490]
[491]
[492]
[493]
[494]
[495, 496]
[496]
[497]
[498]
[499]

WORD2VEC PREDICTIONS:
[0]
[1]
[2]
[3, 158]
[4, 307]
[5, 183]
[6]
[7, 219]
[8]
[9]
[10]
[11]
[12]
[13]
[14, 15, 479, 483, 484]
[15, 479, 483, 484]
[16]
[17, 170]
[18, 493]
[19, 171, 339, 486, 487]
[20, 171, 340, 487]
[21, 22, 173, 174, 358, 359, 495, 496]
[22, 173, 174, 358, 359, 496]
[23, 440, 442]
[24, 175, 276, 445]
[25]
[26, 27, 451, 452]
[27, 451, 452]
[28, 453]
[29]
[30, 436]
[31, 461, 462]
[32, 50]
[33]
[34, 281]
[35]
[36, 480, 481]
[37]
[38]
[39]
[40]
[41, 420]
[42, 426]
[43, 426]
[44]
[45, 408]
[46]
[47, 68, 237, 318, 395, 489]
[48, 133]
[49, 438]
[50, 128]
[51, 443]
[52, 341]
[53]
[54]
[55]
[56]
[57, 62, 63, 64, 431, 432]
[58]
[59]
[60]
[61]
[62, 63, 64, 431, 432]
[63, 64, 431, 432]
[64, 431, 432]
[65]
[66]
[67]
[68, 237, 318, 331, 395, 489]
[69]
[70]
[71, 333]
[72, 238, 334]
[73]
[74, 76, 360]
[75, 124]
[76, 360]
[77]
[78, 79]
[79]
[80, 456]
[81, 379]
[82, 393]
[83, 393]
[84, 196]
[85]
[86, 87, 88, 89, 199, 200, 201, 259, 264, 265, 268, 269, 405, 406]
[87, 88, 89, 199, 200, 201, 259, 264, 265, 268, 405, 406]
[88, 89, 199, 201, 259, 264, 265, 268, 269, 405, 406]
[89, 201, 264, 265, 268, 405, 406]
[90]
[91]
[92]
[93]
[94]
[95, 280]
[96, 208]
[97]
[98]
[99]
[100]
[101]
[102]
[103]
[104]
[105, 263]
[106, 211, 350]
[107, 108, 389]
[108, 389]
[109, 390, 391]
[110]
[111, 399]
[112, 113, 397, 419]
[113, 397, 419]
[114]
[115]
[116, 195, 244, 347, 476]
[117, 118, 349]
[118, 349]
[119, 215]
[120]
[121]
[122]
[123]
[124]
[125]
[126]
[127]
[128]
[129]
[130]
[131]
[132]
[133]
[134]
[135]
[136]
[137, 492]
[138]
[139]
[140, 274]
[141]
[142, 231]
[143, 238]
[144]
[145, 394]
[146]
[147]
[148]
[149, 152, 153, 354, 366, 454, 467]
[150]
[151]
[152, 153, 354, 366, 454, 467]
[153, 354, 366, 454, 467]
[154]
[155]
[156]
[157]
[158]
[159]
[160, 308]
[161]
[162]
[163]
[164]
[165]
[166, 314]
[167, 327, 329]
[168]
[169]
[170, 171, 172]
[171, 339, 340, 486, 487]
[172, 495, 496]
[173, 174, 358, 359, 495, 496]
[174, 358, 359, 496]
[175, 276, 445]
[176]
[177]
[178, 472]
[179]
[180]
[181]
[182]
[183, 437]
[184]
[185, 293]
[186, 305]
[187, 304, 305]
[188]
[189]
[190]
[191]
[192]
[193, 313]
[194]
[195, 244, 476]
[196]
[197]
[198]
[199, 200, 259, 264, 265, 268, 405, 406]
[200, 259, 264, 265, 405, 406]
[201, 265, 268, 269, 405, 406]
[202, 269]
[203, 415]
[204]
[205]
[206]
[207]
[208]
[209, 363]
[210, 380]
[211, 381]
[212, 213, 342]
[213]
[214, 246]
[215]
[216, 352]
[217]
[218]
[219]
[220]
[221, 241]
[222]
[223]
[224]
[225]
[226, 256]
[227]
[228]
[229]
[230]
[231]
[232]
[233]
[234]
[235]
[236]
[237, 318, 331, 370, 395, 489]
[238]
[239]
[240]
[241]
[242, 251]
[243, 252]
[244, 347, 476]
[245]
[246]
[247]
[248]
[249]
[250]
[251]
[252]
[253]
[254, 261]
[255]
[256]
[257]
[258]
[259, 264, 265, 268, 405, 406]
[260]
[261]
[262, 377]
[263]
[264, 265, 268, 405, 406]
[265, 268, 269, 405, 406]
[266, 385]
[267, 386]
[268, 269, 405, 406]
[269, 406]
[270]
[271]
[272]
[273, 326]
[274]
[275]
[276, 445]
[277]
[278]
[279, 457]
[280]
[281]
[282]
[283]
[284]
[285, 491]
[286]
[287]
[288]
[289]
[290]
[291]
[292, 404]
[293]
[294]
[295]
[296]
[297]
[298]
[299]
[300]
[301]
[302]
[303]
[304]
[305]
[306]
[307]
[308]
[309]
[310]
[311]
[312]
[313]
[314]
[315]
[316]
[317]
[318, 331, 395, 489]
[319]
[320]
[321]
[322]
[323]
[324]
[325]
[326]
[327, 329]
[328]
[329]
[330]
[331, 395, 489]
[332]
[333]
[334]
[335]
[336]
[337]
[338]
[339, 486, 487]
[340, 486]
[341]
[342]
[343]
[344]
[345]
[346]
[347, 476]
[348]
[349]
[350]
[351]
[352]
[353, 463]
[354, 366, 454, 467]
[355]
[356]
[357]
[358, 359, 495, 496]
[359, 496]
[360]
[361, 477]
[362]
[363]
[364]
[365]
[366, 454, 467]
[367]
[368, 369]
[369]
[370]
[371]
[372]
[373]
[374]
[375]
[376]
[377]
[378, 383]
[379]
[380]
[381]
[382]
[383]
[384]
[385]
[386]
[387]
[388]
[389]
[390, 391]
[391]
[392]
[393]
[394]
[395, 489]
[396]
[397, 419]
[398]
[399]
[400]
[401]
[402]
[403]
[404]
[405, 406]
[406]
[407]
[408]
[409]
[410]
[411]
[412]
[413, 468]
[414]
[415]
[416]
[417]
[418]
[419]
[420]
[421]
[422]
[423]
[424]
[425]
[426, 484]
[427]
[428]
[429, 436]
[430]
[431, 432]
[432]
[433]
[434]
[435]
[436, 455, 485]
[437]
[438]
[439, 440, 441, 442]
[440, 442]
[441]
[442]
[443]
[444]
[445]
[446]
[447]
[448]
[449]
[450]
[451, 452]
[452]
[453]
[454, 467]
[455, 485]
[456]
[457]
[458]
[459]
[460]
[461, 462]
[462]
[463]
[464]
[465]
[466]
[467]
[468]
[469, 470]
[470]
[471]
[472]
[473]
[474]
[475]
[476]
[477]
[478]
[479, 483, 484]
[480, 481]
[481]
[482]
[483, 484]
[484]
[485]
[486, 487]
[487]
[488]
[489]
[490]
[491]
[492]
[493]
[494]
[495, 496]
[496]
[497]
[498]
[499]
