TF_IDF PREDICTIONS:
[1]
[2, 3]
[3]
[4, 159]
[5, 308]
[6]
[7]
[8, 219, 220, 254, 255, 261, 262, 291]
[9]
[10]
[11]
[12]
[13]
[14]
[15, 16, 480, 484, 485]
[16, 485]
[17]
[18, 21, 171, 172, 341, 487]
[19, 494]
[20, 21, 172, 340, 341, 487, 488]
[21, 171, 172, 340, 341, 487, 488]
[22, 23, 174, 175, 359, 360, 496, 497]
[23, 24, 174, 175, 359, 360, 496, 497]
[24, 175, 277, 440, 441, 442, 443]
[25, 176, 277, 446]
[26, 36, 68, 98, 491]
[27, 28, 452, 453]
[28, 452, 453]
[29]
[30]
[31]
[32, 462, 463]
[33]
[34]
[35, 179, 282, 473]
[36, 491]
[37, 481, 482]
[38]
[39]
[40]
[41]
[42, 421]
[43, 427]
[44, 427]
[45]
[46, 409]
[47]
[48, 69, 238, 319, 332, 371, 396, 490]
[49, 134]
[50, 439]
[51]
[52, 444]
[53, 342]
[54]
[55]
[56, 397]
[57]
[58, 63, 64, 65, 432, 433, 467, 470, 476]
[59]
[60]
[61]
[62]
[63, 64, 65, 432, 433, 467, 470, 471, 476, 491]
[64, 65, 432, 433, 467, 470, 476]
[65, 73, 432, 433, 467, 470, 471, 476]
[66]
[67]
[68, 98, 491]
[69, 238, 319, 332, 371, 396, 490]
[70]
[71, 72, 73, 491]
[72, 73, 98, 139, 334, 335, 336, 432, 470, 491]
[73, 98, 139, 144, 239, 334, 335, 336, 470, 471, 491]
[74]
[75, 77, 195, 226, 361]
[76, 125]
[77, 195, 226, 361]
[78]
[79, 80, 339]
[80, 339]
[81, 148, 457]
[82, 380]
[83]
[84, 394]
[85, 197]
[86]
[87, 88, 89, 90, 200, 201, 202, 260, 265, 266, 269, 406, 407]
[88, 89, 90, 200, 201, 260, 265, 266, 269, 406, 407]
[89, 90, 200, 202, 203, 260, 265, 266, 269, 406, 407]
[90, 200, 202, 203, 260, 265, 266, 269, 406, 407]
[91]
[92, 146, 395]
[93]
[94]
[95, 491]
[96, 210, 281, 364]
[97, 209]
[98, 334, 347, 423, 491]
[99]
[100]
[101]
[102]
[103]
[104]
[105]
[106, 263, 264, 378]
[107, 212, 351, 382]
[108, 109, 110, 390, 391, 392]
[109, 110, 390, 391, 392]
[110, 390, 391, 392]
[111]
[112, 400]
[113, 114, 398, 420]
[114, 398, 420]
[115]
[116, 491]
[117, 196, 245, 348, 477]
[118, 119, 350]
[119, 350]
[120, 216]
[121]
[122]
[123]
[124, 322, 491]
[125]
[126]
[127]
[128]
[129]
[130]
[131]
[132]
[133]
[134]
[135]
[136]
[137]
[138, 347]
[139, 334, 491]
[140]
[141, 275]
[142]
[143, 232]
[144, 239, 333, 335, 373]
[145, 426]
[146, 395]
[147, 450]
[148, 457]
[149]
[150, 153, 154, 355, 367]
[151]
[152]
[153, 154, 355, 367, 455, 468]
[154, 355, 367, 455, 468]
[155, 300]
[156]
[157]
[158]
[159]
[160]
[161, 309]
[162]
[163]
[164]
[165, 316, 318]
[166]
[167, 169, 185, 237, 289, 315]
[168, 328, 330]
[169, 185, 237, 289, 315]
[170, 178, 276, 288, 334, 335]
[171, 172, 173, 340, 341, 487]
[172, 340, 341, 487, 488]
[173, 496, 497]
[174, 175, 359, 360, 497]
[175, 359, 360, 497]
[176, 277, 446]
[177, 276, 334]
[178, 276, 288, 334, 335, 336]
[179, 282, 473]
[180]
[181]
[182]
[183]
[184, 438]
[185, 237, 289, 315]
[186, 294]
[187, 188, 305, 306]
[188, 305, 306]
[189, 190]
[190]
[191]
[192]
[193]
[194, 314]
[195, 226, 361]
[196, 245, 477]
[197]
[198]
[199]
[200, 201, 260, 265, 266, 269, 406, 407]
[201, 260, 265, 266]
[202, 203, 260, 265, 266, 269, 406, 407]
[203, 266, 269, 406, 407]
[204, 416]
[205, 273]
[206]
[207, 208]
[208]
[209]
[210, 281, 364]
[211, 381]
[212, 351, 382]
[213, 214, 343]
[214]
[215, 246, 247]
[216]
[217, 353]
[218, 225]
[219, 220, 240, 254, 255, 262, 291]
[220, 254, 255, 261, 262, 291]
[221]
[222, 241, 242]
[223, 224]
[224]
[225]
[226, 361]
[227, 257]
[228]
[229]
[230]
[231]
[232]
[233]
[234]
[235]
[236]
[237, 289, 315]
[238, 319, 332, 371, 396, 490]
[239]
[240, 254, 255, 262, 291]
[241, 242]
[242]
[243, 252]
[244, 253]
[245, 348, 477]
[246, 247]
[247]
[248]
[249]
[250]
[251]
[252, 253]
[253]
[254, 255, 261, 262]
[255, 261, 262, 291]
[256]
[257]
[258]
[259]
[260, 265, 266, 269, 406, 407]
[261, 262, 291]
[262, 291]
[263, 264, 378]
[264, 378]
[265, 266, 269, 406, 407]
[266, 269, 270, 406, 407]
[267, 386]
[268, 387]
[269, 270, 406, 407]
[270, 406]
[271]
[272]
[273]
[274, 327]
[275]
[276, 288, 334, 335, 336]
[277, 446]
[278]
[279]
[280, 458]
[281, 364]
[282, 473]
[283]
[284]
[285]
[286, 492]
[287]
[288, 334, 335]
[289, 315]
[290]
[291]
[292]
[293, 405]
[294]
[295]
[296]
[297]
[298]
[299]
[300]
[301]
[302]
[303]
[304]
[305, 306]
[306]
[307]
[308]
[309]
[310]
[311]
[312]
[313]
[314]
[315]
[316, 317, 318]
[317]
[318]
[319, 332, 371, 396, 490]
[320]
[321]
[322]
[323]
[324]
[325]
[326]
[327, 382]
[328, 329, 330]
[329, 330]
[330]
[331]
[332, 371, 396, 490]
[333]
[334, 335, 336, 470, 491]
[335, 336, 491]
[336, 491]
[337]
[338, 457]
[339]
[340, 341, 487, 488]
[341, 487, 488]
[342]
[343]
[344]
[345]
[346]
[347, 493]
[348]
[349]
[350]
[351, 382]
[352]
[353]
[354, 464]
[355, 367, 455, 468]
[356]
[357]
[358, 451]
[359, 360, 496, 497]
[360, 496, 497]
[361]
[362, 478]
[363]
[364]
[365]
[366]
[367, 455, 468]
[368]
[369, 370]
[370]
[371, 396, 490]
[372, 397]
[373]
[374]
[375]
[376]
[377]
[378]
[379, 384]
[380]
[381]
[382]
[383]
[384]
[385]
[386]
[387]
[388]
[389]
[390, 391, 392]
[391, 392]
[392]
[393]
[394]
[395]
[396, 490]
[397]
[398, 420]
[399]
[400]
[401]
[402]
[403]
[404]
[405]
[406, 407]
[407]
[408]
[409]
[410]
[411]
[412]
[413]
[414, 469]
[415]
[416]
[417]
[418]
[419]
[420]
[421]
[422]
[423, 491]
[424]
[425]
[426]
[427]
[428]
[429]
[430]
[431]
[432, 433, 467, 470, 471, 476]
[433, 467, 470, 471, 476]
[434]
[435]
[436]
[437]
[438]
[439]
[440, 441, 442, 443]
[441, 442, 443, 497]
[442, 443]
[443]
[444]
[445]
[446]
[447]
[448]
[449]
[450]
[451]
[452, 453]
[453]
[454]
[455, 468]
[456, 486]
[457]
[458]
[459]
[460]
[461]
[462, 463]
[463]
[464]
[465]
[466]
[467, 470, 471, 476]
[468]
[469]
[470, 471, 476]
[471, 476, 491]
[472]
[473]
[474]
[475]
[476]
[477]
[478]
[479]
[480, 484, 485]
[481, 482]
[482]
[483]
[484, 485]
[485]
[486]
[487, 488]
[488]
[489]
[490]
[491]
[492]
[493]
[494]
[495]
[496, 497]
[497]
[498]
[499]
[500]

WORD2VEC PREDICTIONS:
[1]
[2]
[3]
[4, 159]
[5, 308]
[6, 184]
[7]
[8, 220]
[9]
[10]
[11]
[12]
[13]
[14]
[15, 16, 480, 484, 485]
[16, 480, 484, 485]
[17]
[18, 171]
[19, 494]
[20, 172, 340, 487, 488]
[21, 172, 341, 488]
[22, 23, 174, 175, 359, 360, 496, 497]
[23, 174, 175, 359, 360, 497]
[24, 441, 443]
[25, 176, 277, 446]
[26]
[27, 28, 452, 453]
[28, 452, 453]
[29, 454]
[30]
[31, 437]
[32, 462, 463]
[33, 51]
[34]
[35, 282]
[36]
[37, 481, 482]
[38]
[39]
[40]
[41]
[42, 421]
[43, 427]
[44, 427]
[45]
[46, 409]
[47]
[48, 69, 238, 319, 396, 490]
[49, 134]
[50, 439]
[51, 129]
[52, 444]
[53, 342]
[54]
[55]
[56]
[57]
[58, 63, 64, 65, 432, 433]
[59]
[60]
[61]
[62]
[63, 64, 65, 432, 433]
[64, 65, 432, 433]
[65, 432, 433]
[66]
[67]
[68]
[69, 238, 319, 332, 396, 490]
[70]
[71]
[72, 334]
[73, 239, 335]
[74]
[75, 77, 361]
[76, 125]
[77, 361]
[78]
[79, 80]
[80]
[81, 457]
[82, 380]
[83, 394]
[84, 394]
[85, 197]
[86]
[87, 88, 89, 90, 200, 201, 202, 260, 265, 266, 269, 270, 406, 407]
[88, 89, 90, 200, 201, 202, 260, 265, 266, 269, 406, 407]
[89, 90, 200, 202, 260, 265, 266, 269, 270, 406, 407]
[90, 202, 265, 266, 269, 406, 407]
[91]
[92]
[93]
[94]
[95]
[96, 281]
[97, 209]
[98]
[99]
[100]
[101]
[102]
[103]
[104]
[105]
[106, 264]
[107, 212, 351]
[108, 109, 390]
[109, 390]
[110, 391, 392]
[111]
[112, 400]
[113, 114, 398, 420]
[114, 398, 420]
[115]
[116]
[117, 196, 245, 348, 477]
[118, 119, 350]
[119, 350]
[120, 216]
[121]
[122]
[123]
[124]
[125]
[126]
[127]
[128]
[129]
[130]
[131]
[132]
[133]
[134]
[135]
[136]
[137]
[138, 493]
[139]
[140]
[141, 275]
[142]
[143, 232]
[144, 239]
[145]
[146, 395]
[147]
[148]
[149]
[150, 153, 154, 355, 367, 455, 468]
[151]
[152]
[153, 154, 355, 367, 455, 468]
[154, 355, 367, 455, 468]
[155]
[156]
[157]
[158]
[159]
[160]
[161, 309]
[162]
[163]
[164]
[165]
[166]
[167, 315]
[168, 328, 330]
[169]
[170]
[171, 172, 173]
[172, 340, 341, 487, 488]
[173, 496, 497]
[174, 175, 359, 360, 496, 497]
[175, 359, 360, 497]
[176, 277, 446]
[177]
[178]
[179, 473]
[180]
[181]
[182]
[183]
[184, 438]
[185]
[186, 294]
[187, 306]
[188, 305, 306]
[189]
[190]
[191]
[192]
[193]
[194, 314]
[195]
[196, 245, 477]
[197]
[198]
[199]
[200, 201, 260, 265, 266, 269, 406, 407]
[201, 260, 265, 266, 406, 407]
[202, 266, 269, 270, 406, 407]
[203, 270]
[204, 416]
[205]
[206]
[207]
[208]
[209]
[210, 364]
[211, 381]
[212, 382]
[213, 214, 343]
[214]
[215, 247]
[216]
[217, 353]
[218]
[219]
[220]
[221]
[222, 242]
[223]
[224]
[225]
[226]
[227, 257]
[228]
[229]
[230]
[231]
[232]
[233]
[234]
[235]
[236]
[237]
[238, 319, 332, 371, 396, 490]
[239]
[240]
[241]
[242]
[243, 252]
[244, 253]
[245, 348, 477]
[246]
[247]
[248]
[249]
[250]
[251]
[252]
[253]
[254]
[255, 262]
[256]
[257]
[258]
[259]
[260, 265, 266, 269, 406, 407]
[261]
[262]
[263, 378]
[264]
[265, 266, 269, 406, 407]
[266, 269, 270, 406, 407]
[267, 386]
[268, 387]
[269, 270, 406, 407]
[270, 407]
[271]
[272]
[273]
[274, 327]
[275]
[276]
[277, 446]
[278]
[279]
[280, 458]
[281]
[282]
[283]
[284]
[285]
[286, 492]
[287]
[288]
[289]
[290]
[291]
[292]
[293, 405]
[294]
[295]
[296]
[297]
[298]
[299]
[300]
[301]
[302]
[303]
[304]
[305]
[306]
[307]
[308]
[309]
[310]
[311]
[312]
[313]
[314]
[315]
[316]
[317]
[318]
[319, 332, 396, 490]
[320]
[321]
[322]
[323]
[324]
[325]
[326]
[327]
[328, 330]
[329]
[330]
[331]
[332, 396, 490]
[333]
[334]
[335]
[336]
[337]
[338]
[339]
[340, 487, 488]
[341, 487]
[342]
[343]
[344]
[345]
[346]
[347]
[348, 477]
[349]
[350]
[351]
[352]
[353]
[354, 464]
[355, 367, 455, 468]
[356]
[357]
[358]
[359, 360, 496, 497]
[360, 497]
[361]
[362, 478]
[363]
[364]
[365]
[366]
[367, 455, 468]
[368]
[369, 370]
[370]
[371]
[372]
[373]
[374]
[375]
[376]
[377]
[378]
[379, 384]
[380]
[381]
[382]
[383]
[384]
[385]
[386]
[387]
[388]
[389]
[390]
[391, 392]
[392]
[393]
[394]
[395]
[396, 490]
[397]
[398, 420]
[399]
[400]
[401]
[402]
[403]
[404]
[405]
[406, 407]
[407]
[408]
[409]
[410]
[411]
[412]
[413]
[414, 469]
[415]
[416]
[417]
[418]
[419]
[420]
[421]
[422]
[423]
[424]
[425]
[426]
[427, 485]
[428]
[429]
[430, 437]
[431]
[432, 433]
[433]
[434]
[435]
[436]
[437, 456, 486]
[438]
[439]
[440, 441, 442, 443]
[441, 443]
[442]
[443]
[444]
[445]
[446]
[447]
[448]
[449]
[450]
[451]
[452, 453]
[453]
[454]
[455, 468]
[456, 486]
[457]
[458]
[459]
[460]
[461]
[462, 463]
[463]
[464]
[465]
[466]
[467]
[468]
[469]
[470, 471]
[471]
[472]
[473]
[474]
[475]
[476]
[477]
[478]
[479]
[480, 484, 485]
[481, 482]
[482]
[483]
[484, 485]
[485]
[486]
[487, 488]
[488]
[489]
[490]
[491]
[492]
[493]
[494]
[495]
[496, 497]
[497]
[498]
[499]
[500]
